CASE 4WT - resolution: 0.001

harmonic order - critical mode - modal impedance(abs) - angle

ZmodalHcrit =

        7.551            8  3.3535e+007       50.281
       12.104           14  1.3855e+007       -27.51
       12.116           20    2.06e+007      -5.2172
       12.299            9  1.5525e+007       18.474
       18.729            8  1.0853e+007      -13.165

harmonic order - participation factors for all buses

PFmodalHcrit =

  Columns 1 through 6

  1.2683e-005    0.0003575      0.12749   0.00086996     0.044083     0.010084
  4.3904e-009  1.1552e-006      0.10215     0.045932     0.024569     0.030166
  4.7739e-020  9.2204e-016  3.5171e-007  4.6858e-006    0.0003536   0.00026147
  4.3931e-009  1.1562e-006      0.10228     0.047246     0.021301     0.028105
  1.2967e-005   0.00036747   0.00044389      0.13048     0.030639     0.017749

  Columns 7 through 12

      0.12494     0.051252     0.016216     0.082089      0.24709    0.0064502
     0.047001      0.12125   0.00018667   0.00016261     0.053157     0.073891
    0.0037379  5.0567e-007      0.24564   8.469e-010   0.00024358  9.7393e-007
      0.05076      0.12125   0.00031044       0.2395     0.053093   0.00011448
      0.12481     0.067005    0.0036733     0.078906      0.20078     0.054059

  Columns 13 through 18

     0.041348    0.0012619     0.047427      0.16983    0.0052468     0.032464
      0.23941    0.0017034     0.015014      0.10594    0.0050963      0.14267
    0.0078804  6.4919e-006      0.24188   0.00045848    0.0034707     0.011617
     0.073987     0.044499    0.0016701     0.083539      0.13043     0.016203
     0.094494     0.045543   0.00037759     0.064891   0.00064354     0.065074

  Columns 19 through 20

    0.0017357   0.00054878
   0.00057228    0.0026828
    0.0052161      0.48854
    0.0031311  8.4409e-006
      0.02524   0.00012337

greates participation factors:
For harmonic: 7.551000, bus: 11.000000 has greatest PF=0.247089
For harmonic: 12.104000, bus: 13.000000 has greatest PF=0.239408
For harmonic: 12.116000, bus: 20.000000 has greatest PF=0.488540
For harmonic: 12.299000, bus: 10.000000 has greatest PF=0.239497
For harmonic: 18.729000, bus: 11.000000 has greatest PF=0.200783